sample_point=[0.000000, -1.000000,  1.000000, -0.707107,  0.707107,...
             -0.923880, -0.382683,  0.382683,  0.923880, -0.980785,...
             -0.831470, -0.555570, -0.195090,  0.195090,  0.555570,...
              0.831470,  0.980785, -0.995185, -0.956940, -0.881921,...
             -0.773010, -0.634393, -0.471397, -0.290285, -0.098017,...
              0.098017,  0.290285,  0.471397,  0.634393,  0.773010,...
              0.881921,  0.956940,  0.995185, -0.998795, -0.989177,...
             -0.970031, -0.941544, -0.903989, -0.857729, -0.803208,...
             -0.740951, -0.671559, -0.595699, -0.514103, -0.427555,...
             -0.336890, -0.242980, -0.146730, -0.049068,  0.049068,...
              0.146730,  0.242980,  0.336890,  0.427555,  0.514103,...
              0.595699,  0.671559,  0.740951,  0.803208,  0.857729,...
              0.903989,  0.941544,  0.970031,  0.989177,  0.998795];



weights = [0.049088, 0.000244, 0.000244, 0.034710, 0.034710,...
           0.018787, 0.045351, 0.045351, 0.018787, 0.009582,...
           0.027272, 0.040815, 0.048144, 0.048144, 0.040815,...
           0.027272, 0.009582, 0.004831, 0.014252, 0.023141,...
           0.031141, 0.037945, 0.043292, 0.046974, 0.048851,...
           0.048851, 0.046974, 0.043292, 0.037945, 0.031141,...
           0.023141, 0.014252, 0.004831, 0.002351, 0.007193,...
           0.011923, 0.016535, 0.020986, 0.025235, 0.029241,...
           0.032965, 0.036371, 0.039427, 0.042103, 0.044374,...
           0.046218, 0.047616, 0.048556, 0.049028, 0.049028,...
           0.048556, 0.047616, 0.046218, 0.044374, 0.042103,...
           0.039427, 0.036371, 0.032965, 0.029241, 0.025235,...
           0.020986, 0.016535, 0.011923, 0.007193, 0.002351];
